<?xml version="1.0" encoding="UTF-8" standalone="no"?>
<!DOCTYPE svg PUBLIC "-//W3C//DTD SVG 20010904//EN"
              "http://www.w3.org/TR/2001/REC-SVG-20010904/DTD/svg10.dtd">

<svg xmlns="http://www.w3.org/2000/svg"
     width="5.68889in" height="5.68889in"
     viewBox="0 0 512 512">
  <path id="匯入的路徑"
        fill="none" stroke="black" stroke-width="1"
        d="M 312.50,312.70
           C 310.00,313.00 297.20,315.00 281.00,317.60
             279.10,317.90 276.40,318.30 275.00,318.50
             273.60,318.70 268.20,319.50 263.00,320.30
             251.90,322.10 240.10,323.00 223.70,323.40
             217.10,323.60 211.40,324.20 210.80,324.80
             210.20,325.40 210.00,327.00 210.40,328.40
             210.40,328.40 211.00,331.00 211.00,331.00
             211.00,331.00 223.80,331.00 223.80,331.00
             235.50,331.00 261.20,329.60 267.00,328.60
             269.60,328.20 276.40,327.30 284.80,326.40
             287.40,326.10 297.60,324.90 307.50,323.60
             317.40,322.40 326.20,321.60 327.10,321.80
             329.00,322.20 329.80,328.80 330.00,345.60
             330.00,345.60 330.10,356.80 330.10,356.80
             330.10,356.80 327.30,357.50 327.30,357.50
             325.80,357.90 307.00,358.10 285.60,358.10
             233.00,357.90 208.40,356.30 199.50,352.50
             194.20,350.30 192.90,347.40 193.20,338.40
             193.20,338.40 193.50,330.50 193.50,330.50
             193.50,330.50 197.70,329.50 197.70,329.50
             203.40,328.10 204.70,326.80 203.20,323.50
             202.20,321.40 201.40,321.00 197.80,321.00
             192.30,321.00 189.10,322.70 186.30,326.90
             184.40,329.70 184.00,331.60 184.00,338.00
             184.00,348.60 184.70,351.30 188.50,355.80
             188.50,355.80 191.80,359.60 191.80,359.60
             191.80,359.60 191.80,377.10 191.80,377.10
             191.70,410.20 195.40,418.00 212.50,421.30
             221.90,423.10 234.30,423.50 289.50,423.50
             337.50,423.50 341.60,423.20 344.70,419.50
             346.80,417.10 347.00,415.90 347.00,405.70
             347.00,399.50 346.50,391.30 345.90,387.50
             345.40,383.60 344.70,379.10 344.50,377.50
             342.80,364.40 341.60,359.10 339.90,356.80
             338.20,354.40 338.00,352.30 338.10,337.60
             338.10,317.60 337.30,313.50 332.90,312.60
             329.70,312.00 317.80,312.00 312.50,312.70 Z
           M 215.00,365.60
           C 220.20,366.30 228.80,367.00 234.00,367.00
             239.20,367.00 245.80,367.30 248.70,367.60
             253.50,368.20 253.80,368.40 252.90,370.30
             252.30,371.40 251.60,376.70 251.30,382.10
             250.80,390.10 251.00,392.40 252.30,394.40
             254.40,397.60 259.50,399.00 268.60,399.00
             274.20,399.00 276.30,398.60 278.10,397.10
             280.40,395.20 280.50,394.80 280.40,381.20
             280.40,381.20 280.20,367.10 280.20,367.10
             280.20,367.10 305.40,366.80 305.40,366.80
             319.20,366.60 331.20,366.20 332.00,366.00
             333.10,365.60 333.60,366.70 334.10,370.50
             334.40,373.20 335.20,379.50 335.90,384.50
             336.50,389.40 337.10,397.90 337.30,403.20
             337.30,403.20 337.50,412.90 337.50,412.90
             337.50,412.90 334.00,413.30 334.00,413.30
             332.10,413.60 303.70,413.70 271.00,413.60
             214.40,413.50 211.30,413.40 207.80,411.60
             201.80,408.50 200.30,402.70 199.30,378.10
             199.30,378.10 198.70,362.70 198.70,362.70
             198.70,362.70 202.10,363.40 202.10,363.40
             204.00,363.80 209.80,364.80 215.00,365.60 Z
           M 271.70,374.50
           C 272.30,378.30 272.90,383.60 272.90,386.20
             272.90,386.20 273.00,391.00 273.00,391.00
             273.00,391.00 266.00,391.00 266.00,391.00
             266.00,391.00 259.00,391.00 259.00,391.00
             259.00,391.00 258.90,383.70 258.90,383.70
             258.80,379.80 258.80,374.80 258.90,372.70
             259.10,370.20 258.70,369.00 257.80,368.90
             255.50,368.60 264.40,367.20 267.50,367.40
             270.40,367.50 270.50,367.70 271.70,374.50 Z
           M 298.00,72.10
           C 292.20,72.60 286.10,73.20 284.30,73.50
             280.70,74.10 279.30,76.80 281.00,80.00
             282.00,81.80 283.00,82.00 294.80,82.00
             294.80,82.00 307.60,82.00 307.60,82.00
             307.60,82.00 307.90,122.00 307.90,122.00
             307.90,122.00 308.10,162.00 308.10,162.00
             308.10,162.00 305.10,164.60 305.10,164.60
             303.40,166.00 300.50,169.70 298.70,172.90
             295.70,178.00 295.00,178.50 291.50,178.80
             288.10,179.10 287.80,179.00 288.90,177.60
             289.80,176.60 290.00,174.80 289.60,172.60
             289.20,170.70 289.40,166.30 289.90,162.80
             290.50,159.30 291.00,144.00 291.10,128.70
             291.20,105.30 291.40,101.00 292.60,101.00
             293.40,101.00 294.30,101.70 294.60,102.50
             295.50,104.70 300.70,104.40 302.00,102.00
             305.00,96.30 298.90,91.70 287.50,90.90
             279.60,90.40 226.30,90.40 218.00,90.90
             211.00,91.40 208.40,93.10 210.10,96.10
             210.90,97.60 214.70,97.90 244.70,98.40
             263.30,98.70 279.70,99.20 281.30,99.40
             282.80,99.60 284.50,99.80 285.10,99.90
             285.60,99.90 285.80,100.40 285.50,101.00
             284.90,101.90 284.80,104.60 283.50,133.00
             283.10,140.40 282.70,147.60 282.50,149.00
             282.40,150.40 281.90,154.90 281.50,159.00
             281.20,163.10 280.70,167.20 280.40,168.10
             280.00,169.50 276.20,169.80 249.70,170.50
             233.10,170.90 218.30,171.30 216.80,171.50
             214.60,171.80 214.00,171.30 213.60,169.20
             212.60,164.90 210.90,151.10 210.40,144.00
             210.20,140.40 209.50,132.80 209.00,127.00
             208.40,121.20 207.80,108.80 207.50,99.50
             206.90,79.50 206.20,77.60 199.10,77.40
             194.80,77.30 184.70,81.70 178.20,86.70
             178.20,86.70 175.00,89.10 175.00,89.10
             175.00,89.10 152.70,88.40 152.70,88.40
             126.20,87.60 118.50,88.50 111.20,93.30
             107.10,96.10 106.40,97.10 105.80,101.00
             104.60,108.90 103.00,138.10 103.00,152.30
             103.00,164.10 103.30,166.80 105.10,171.00
             108.40,178.70 112.30,180.10 129.60,180.10
             137.10,180.00 145.00,180.30 147.00,180.60
             147.00,180.60 150.70,181.20 150.70,181.20
             150.70,181.20 150.30,189.40 150.30,189.40
             149.50,204.60 147.10,217.00 141.50,233.60
             138.50,242.50 136.00,250.30 136.00,250.90
             136.00,251.60 137.20,253.20 138.60,254.50
             140.70,256.40 142.40,257.00 145.90,257.00
             148.40,257.00 152.90,257.30 155.80,257.70
             162.00,258.40 161.80,256.70 158.00,273.70
             158.00,273.70 155.70,283.80 155.70,283.80
             155.70,283.80 144.10,284.50 144.10,284.50
             132.80,285.10 128.90,285.70 116.50,288.50
             113.20,289.30 109.30,290.10 107.80,290.40
             106.30,290.60 104.50,291.20 103.90,291.60
             101.90,292.80 100.00,298.90 99.30,306.40
             98.30,318.60 101.50,323.00 110.00,321.10
             112.10,320.60 114.10,320.40 114.30,320.60
             114.50,320.90 114.30,322.70 113.90,324.80
             113.40,326.80 111.90,333.20 110.60,339.00
             106.90,355.40 105.80,363.80 104.40,386.30
             103.70,398.40 104.90,409.70 107.60,415.00
             110.10,420.00 116.80,425.70 125.10,429.70
             135.30,434.70 147.80,439.00 151.90,439.00
             154.30,439.00 155.50,439.80 158.00,443.50
             161.70,448.90 163.20,449.30 180.10,448.90
             186.90,448.70 226.60,448.70 268.20,448.80
             343.30,449.00 356.60,448.70 360.50,446.70
             361.60,446.10 363.10,445.50 363.90,445.40
             369.00,444.50 369.90,438.40 369.90,400.70
             369.90,400.70 370.00,374.00 370.00,374.00
             370.00,374.00 373.40,374.00 373.40,374.00
             375.60,374.00 377.90,373.10 379.60,371.60
             379.60,371.60 382.40,369.30 382.40,369.30
             382.40,369.30 381.00,354.80 381.00,354.80
             380.30,346.80 380.00,339.10 380.40,337.70
             381.50,333.00 386.70,328.20 392.60,326.30
             395.50,325.40 398.20,324.80 398.40,325.10
             399.30,326.00 402.30,376.10 402.70,398.60
             403.10,414.60 402.90,422.40 402.10,423.80
             400.70,426.50 389.30,430.00 382.30,430.00
             375.30,430.00 371.90,433.80 375.60,437.50
             377.60,439.50 388.00,439.40 394.80,437.40
             397.10,436.80 399.00,436.40 399.00,436.60
             399.00,436.90 400.70,436.20 402.90,435.10
             408.40,432.20 411.80,427.80 412.60,422.30
             413.90,413.40 411.30,372.40 408.00,350.50
             407.60,347.20 406.80,340.80 406.50,336.30
             405.90,329.00 406.00,327.90 408.00,325.30
             409.50,323.20 410.40,319.70 411.20,312.70
             412.30,303.70 412.20,302.90 410.40,300.90
             406.80,296.80 402.30,295.80 387.30,295.40
             374.90,295.20 372.70,295.40 369.40,297.10
             367.30,298.10 365.50,299.00 365.40,299.00
             365.20,299.00 364.80,296.40 364.50,293.20
             363.80,287.80 360.70,270.60 359.40,265.50
             358.90,263.30 359.10,263.20 366.00,262.80
             376.10,262.30 376.60,261.50 377.60,245.30
             378.10,238.20 378.40,224.60 378.50,214.80
             378.50,214.80 378.50,197.20 378.50,197.20
             378.50,197.20 381.50,195.60 381.50,195.60
             384.60,193.90 390.20,183.10 395.50,168.30
             398.50,160.10 402.70,132.00 403.50,115.50
             403.80,108.90 404.30,100.80 404.60,97.50
             405.10,91.90 404.90,91.30 402.50,89.00
             400.00,86.70 399.70,86.60 393.70,87.70
             384.20,89.50 381.80,90.00 378.50,91.00
             376.90,91.50 372.40,92.60 368.50,93.40
             361.80,94.80 355.10,96.30 354.00,96.50
             351.00,97.20 339.10,98.30 334.10,98.40
             327.40,98.50 325.00,100.00 326.30,103.40
             326.80,104.80 328.70,105.00 338.70,105.00
             345.30,105.00 354.00,104.30 358.50,103.40
             362.90,102.60 367.80,101.70 369.30,101.50
             370.90,101.30 373.60,100.80 375.30,100.40
             377.10,100.00 378.70,99.60 379.00,99.50
             379.30,99.40 382.00,99.00 385.00,98.60
             388.00,98.10 391.50,97.40 392.80,96.90
             392.80,96.90 395.20,96.00 395.20,96.00
             395.20,96.00 394.50,105.20 394.50,105.20
             392.50,135.10 387.60,162.20 382.10,174.20
             380.50,177.60 378.80,181.80 378.40,183.50
             378.00,185.10 377.20,186.80 376.60,187.30
             375.20,188.20 354.10,188.00 349.20,187.00
             342.60,185.50 324.10,183.00 319.80,183.00
             316.30,183.00 313.90,187.60 315.80,190.70
             316.60,192.00 351.70,197.30 361.50,197.50
             363.20,197.60 365.80,197.70 367.40,197.80
             367.40,197.80 370.30,198.00 370.30,198.00
             370.30,198.00 369.60,211.20 369.60,211.20
             369.20,218.50 368.70,228.10 368.40,232.50
             368.20,236.90 367.70,243.10 367.40,246.40
             367.40,246.40 366.80,252.30 366.80,252.30
             366.80,252.30 329.10,251.60 329.10,251.60
             308.40,251.30 264.30,250.70 231.00,250.40
             197.70,250.10 169.80,249.60 169.00,249.30
             168.20,249.00 163.70,248.60 159.00,248.50
             145.20,248.20 146.10,248.60 147.10,244.20
             147.50,242.20 149.30,236.50 150.90,231.60
             154.60,221.00 157.00,204.60 157.00,191.00
             157.00,191.00 157.00,181.00 157.00,181.00
             157.00,181.00 164.50,181.00 164.50,181.00
             171.50,181.00 172.30,181.20 174.50,183.70
             174.50,183.70 176.80,186.50 176.80,186.50
             176.80,186.50 192.20,186.30 192.20,186.30
             208.70,186.20 212.50,185.30 213.90,181.60
             214.50,180.20 215.90,179.10 217.50,178.80
             218.90,178.50 233.30,178.50 249.50,178.80
             276.70,179.20 279.00,179.40 279.00,181.00
             279.00,182.00 279.80,183.70 280.80,184.90
             282.20,186.70 283.70,187.10 289.50,187.20
             293.60,187.30 297.40,186.90 298.80,186.10
             300.10,185.40 302.90,182.10 305.10,178.70
             307.30,175.30 310.50,171.30 312.20,169.90
             316.40,166.40 316.90,162.00 317.00,128.50
             317.10,72.80 317.20,75.20 315.00,73.00
             313.90,71.90 312.00,71.10 310.80,71.10
             309.50,71.20 303.80,71.70 298.00,72.10 Z
           M 198.10,108.20
           C 198.20,135.50 199.40,154.30 202.20,168.80
             202.70,171.80 203.00,174.40 202.70,174.60
             202.40,174.90 199.70,175.40 196.70,175.70
             196.70,175.70 191.10,176.30 191.10,176.30
             191.10,176.30 190.50,172.40 190.50,172.40
             189.20,164.80 183.20,143.30 179.60,133.00
             178.30,129.40 175.80,121.80 174.00,116.10
             174.00,116.10 170.70,105.60 170.70,105.60
             170.70,105.60 175.90,100.80 175.90,100.80
             180.80,96.30 181.30,96.10 187.80,95.80
             193.90,95.50 194.50,95.30 194.80,93.20
             195.00,91.80 194.50,90.70 193.50,90.30
             192.00,89.80 192.10,89.50 194.10,88.40
             195.40,87.70 196.80,87.10 197.30,87.00
             197.70,87.00 198.00,96.60 198.10,108.20 Z
           M 163.90,98.60
           C 160.20,102.50 160.70,111.60 165.30,124.00
             172.80,144.50 178.30,160.60 180.00,167.70
             180.00,167.70 180.80,171.00 180.80,171.00
             180.80,171.00 149.10,171.00 149.10,171.00
             122.10,171.00 117.10,170.80 115.20,169.40
             113.00,167.90 113.00,167.80 113.00,135.60
             113.00,99.80 112.60,101.90 119.80,99.00
             123.10,97.70 139.90,96.40 156.90,96.20
             156.90,96.20 166.30,96.00 166.30,96.00
             166.30,96.00 163.90,98.60 163.90,98.60 Z
           M 197.00,260.50
           C 204.40,260.70 223.80,261.50 240.00,262.20
             256.20,262.90 288.40,263.50 311.60,263.50
             349.90,263.50 353.60,263.60 353.30,265.10
             353.00,266.00 353.80,272.30 354.90,279.10
             358.20,299.30 360.60,361.00 358.00,361.00
             357.50,361.00 356.30,362.10 355.40,363.50
             353.80,366.00 353.80,366.20 356.50,369.00
             356.50,369.00 359.30,371.90 359.30,371.90
             359.30,371.90 358.60,404.20 358.60,404.20
             358.20,421.90 357.70,436.60 357.50,436.80
             357.20,437.10 237.10,438.30 186.00,438.40
             186.00,438.40 169.50,438.50 169.50,438.50
             169.50,438.50 169.70,436.20 169.70,436.20
             170.10,432.90 168.30,430.00 166.00,430.00
             164.90,430.00 164.00,429.80 164.00,429.50
             164.00,429.20 162.70,422.80 161.10,415.20
             157.50,398.20 156.80,391.60 156.60,376.80
             156.60,376.80 156.40,365.00 156.40,365.00
             156.40,365.00 159.90,364.50 159.90,364.50
             168.10,363.20 169.50,362.50 169.50,360.00
             169.50,357.60 169.20,357.50 163.10,357.20
             163.10,357.20 156.70,356.90 156.70,356.90
             156.70,356.90 157.40,347.20 157.40,347.20
             158.80,325.60 159.10,322.20 160.00,316.00
             160.50,312.40 161.20,305.90 161.60,301.50
             162.10,295.40 162.70,293.20 164.10,292.20
             166.30,290.70 166.50,288.80 164.80,286.10
             163.60,284.20 164.00,281.10 167.20,265.20
             167.20,265.20 168.50,258.90 168.50,258.90
             168.50,258.90 176.00,259.50 176.00,259.50
             180.10,259.80 189.60,260.20 197.00,260.50 Z
           M 154.00,294.90
           C 154.00,296.00 153.60,299.00 153.00,301.70
             152.50,304.30 151.50,309.90 150.80,314.00
             150.80,314.00 149.70,321.50 149.70,321.50
             149.70,321.50 148.80,317.50 148.80,317.50
             147.60,311.70 146.10,311.00 134.60,311.00
             127.50,310.90 123.90,310.50 122.70,309.50
             121.00,308.30 120.30,308.40 117.20,310.00
             115.10,311.00 112.30,312.20 110.80,312.60
             108.00,313.20 108.00,313.20 108.00,308.40
             108.00,301.40 108.80,299.30 111.80,298.20
             116.60,296.40 126.60,294.80 137.20,294.00
             154.50,292.80 154.00,292.80 154.00,294.90 Z
           M 400.80,304.60
           C 402.90,305.20 403.10,305.70 402.80,310.90
             402.80,310.90 402.50,316.50 402.50,316.50
             402.50,316.50 395.90,317.10 395.90,317.10
             387.90,317.80 383.50,319.70 378.60,324.70
             372.40,331.10 371.60,333.80 372.30,347.00
             372.70,353.30 373.30,360.20 373.60,362.20
             374.20,365.60 374.00,366.00 372.10,366.00
             370.60,366.00 370.00,365.40 370.00,363.70
             369.90,356.80 366.90,313.10 366.40,311.10
             365.90,309.40 366.00,308.90 366.90,309.40
             368.70,310.60 371.60,309.20 372.80,306.50
             373.90,304.00 374.10,304.00 386.20,304.00
             393.00,304.00 399.50,304.30 400.80,304.60 Z
           M 141.00,320.70
           C 141.00,321.70 140.00,325.40 138.90,329.00
             137.20,334.00 136.80,338.00 136.80,346.50
             136.80,360.20 138.40,364.70 143.50,366.40
             145.40,366.90 145.50,367.80 145.20,377.40
             145.00,383.20 145.40,391.10 146.00,395.20
             146.70,399.20 147.40,404.50 147.70,407.00
             147.90,409.50 149.20,415.30 150.60,420.00
             153.50,430.30 153.50,430.30 150.80,429.50
             144.20,427.50 127.10,420.40 124.20,418.40
             120.20,415.80 116.50,410.90 114.80,406.10
             113.40,402.10 113.10,379.60 114.20,368.50
             115.50,356.00 120.60,325.10 122.00,321.50
             122.90,319.10 123.30,319.00 132.00,319.00
             139.90,319.00 141.00,319.20 141.00,320.70 Z
           M 148.60,331.20
           C 148.30,334.10 147.80,341.20 147.40,347.00
             147.10,352.80 146.40,357.90 145.90,358.50
             144.90,359.50 144.60,356.00 144.90,346.00
             145.10,339.80 147.80,326.00 148.80,326.00
             149.00,326.00 149.00,328.40 148.60,331.20 Z" />
</svg>
