<?xml version="1.0" encoding="UTF-8" standalone="no"?>
<!DOCTYPE svg PUBLIC "-//W3C//DTD SVG 20010904//EN"
              "http://www.w3.org/TR/2001/REC-SVG-20010904/DTD/svg10.dtd">

<svg xmlns="http://www.w3.org/2000/svg"
     width="5.68889in" height="5.68889in"
     viewBox="0 0 512 512">
  <path id="匯入的路徑"
        fill="none" stroke="black" stroke-width="1"
        d="M 257.60,296.90
           C 257.20,297.50 256.70,311.80 256.40,328.70
             256.10,345.60 255.70,359.70 255.50,360.00
             255.30,360.40 255.00,366.30 254.90,373.30
             254.80,382.20 254.40,386.00 253.50,386.00
             252.90,386.00 251.10,387.40 249.40,389.10
             246.60,392.10 228.10,402.00 225.30,402.00
             224.60,402.00 223.20,402.40 222.20,403.00
             220.00,404.20 209.00,407.80 191.50,413.00
             183.80,415.20 175.70,417.70 173.50,418.40
             171.30,419.20 164.10,421.20 157.50,423.00
             144.20,426.70 143.00,427.30 143.00,430.40
             143.10,435.60 141.80,435.50 185.70,435.60
             222.70,435.60 250.20,436.40 255.50,437.50
             259.70,438.30 291.30,439.50 310.60,439.50
             329.10,439.50 331.00,439.30 332.90,437.60
             337.50,433.40 334.90,427.20 326.40,422.30
             324.30,421.00 318.80,417.80 314.20,415.00
             309.60,412.30 305.60,410.00 305.20,410.00
             304.90,410.00 298.90,406.20 291.90,401.50
             285.00,396.80 278.30,393.00 277.20,393.00
             274.50,393.00 272.00,395.60 272.00,398.50
             272.00,401.60 278.60,407.40 293.50,417.20
             293.50,417.20 305.50,425.20 305.50,425.20
             305.50,425.20 280.50,424.50 280.50,424.50
             266.80,424.10 241.20,423.70 223.80,423.60
             206.40,423.60 192.70,423.20 193.40,422.80
             194.10,422.40 196.90,421.40 199.60,420.50
             203.80,419.10 216.80,414.50 223.50,412.00
             224.60,411.60 225.80,411.20 226.20,411.10
             228.90,410.40 248.00,400.40 250.50,398.30
             250.50,398.30 253.50,395.70 253.50,395.70
             253.50,395.70 254.30,403.10 254.30,403.10
             255.40,413.00 257.30,415.00 261.90,411.20
             264.00,409.50 264.10,409.10 264.30,364.50
             264.40,339.70 264.30,314.30 264.00,308.00
             264.00,308.00 263.50,296.50 263.50,296.50
             263.50,296.50 260.80,296.20 260.80,296.20
             259.40,296.00 257.90,296.30 257.60,296.90 Z
           M 369.30,79.50
           C 366.40,80.20 364.00,80.60 364.00,80.40
             364.00,79.90 348.60,85.70 344.90,87.50
             327.70,96.40 315.50,111.20 314.30,124.80
             313.70,131.40 315.00,135.00 318.00,135.00
             320.60,135.00 321.50,133.30 321.60,127.50
             321.80,121.10 324.70,115.20 331.30,108.20
             342.20,96.70 360.20,89.40 380.50,88.30
             397.80,87.40 410.20,91.30 418.80,100.40
             431.70,114.00 434.70,145.80 425.70,171.80
             422.50,180.70 419.50,185.80 414.00,191.60
             408.80,197.00 404.20,199.50 395.40,201.60
             389.50,202.90 388.00,202.90 380.40,201.50
             375.80,200.60 369.90,199.00 367.30,197.90
             359.50,194.60 350.00,189.70 348.90,188.40
             347.60,186.80 374.10,159.40 381.30,154.90
             391.10,148.80 392.50,146.60 389.40,142.50
             388.10,140.70 386.20,140.50 370.70,139.80
             361.20,139.40 344.80,139.50 334.00,140.10
             323.30,140.60 310.20,141.30 305.00,141.50
             299.80,141.80 292.10,142.20 288.00,142.50
             273.20,143.60 258.50,143.90 192.20,144.60
             120.90,145.30 122.00,145.30 123.50,150.00
             124.00,151.70 125.00,152.00 130.30,152.00
             133.70,152.00 140.60,152.20 145.50,152.50
             206.10,155.40 292.50,156.20 322.50,154.10
             331.30,153.40 344.80,152.60 352.40,152.30
             352.40,152.30 366.30,151.70 366.30,151.70
             366.30,151.70 349.40,168.70 349.40,168.70
             340.10,178.00 327.60,191.00 321.50,197.60
             315.50,204.10 306.00,214.20 300.50,220.00
             289.40,231.70 281.60,241.20 274.80,251.00
             272.40,254.60 267.30,262.00 263.50,267.50
             259.80,273.00 256.40,277.90 255.90,278.40
             254.60,279.90 247.10,272.90 229.50,253.50
             185.90,205.40 164.80,188.10 133.50,174.90
             128.00,172.60 123.10,170.30 122.60,169.90
             120.90,168.40 115.40,168.90 113.80,170.70
             111.30,173.70 110.90,175.90 112.40,179.50
             113.90,183.00 116.60,185.00 119.90,185.00
             122.60,185.00 141.90,194.90 151.00,200.90
             168.80,212.70 187.60,229.50 221.90,264.30
             241.10,283.70 248.60,290.70 252.40,292.50
             259.60,296.00 262.60,295.00 266.50,287.90
             269.70,282.30 281.10,266.30 293.10,250.60
             297.00,245.60 309.00,231.50 319.80,219.30
             338.80,198.00 339.60,197.20 341.70,198.60
             347.20,202.10 353.30,205.10 360.50,208.00
             398.00,222.90 427.40,209.60 438.90,172.50
             443.60,157.40 443.90,131.70 439.40,116.40
             433.90,97.20 424.00,86.00 407.90,80.70
             401.60,78.60 398.60,78.20 387.50,78.20
             380.40,78.20 372.10,78.80 369.30,79.50 Z" />
</svg>
