<?xml version="1.0" encoding="UTF-8" standalone="no"?>
<!DOCTYPE svg PUBLIC "-//W3C//DTD SVG 20010904//EN"
              "http://www.w3.org/TR/2001/REC-SVG-20010904/DTD/svg10.dtd">

<svg xmlns="http://www.w3.org/2000/svg"
     width="5.68889in" height="5.68889in"
     viewBox="0 0 512 512">
  <path id="匯入的路徑"
        fill="none" stroke="black" stroke-width="1"
        d="M 294.30,409.50
           C 273.30,419.40 257.70,422.40 222.10,423.60
             211.30,423.90 201.00,424.50 199.10,424.90
             194.90,425.70 193.00,428.20 194.60,430.70
             195.60,432.30 198.10,432.50 222.10,432.50
             261.00,432.50 271.40,431.20 289.00,423.90
             307.60,416.20 310.80,413.50 307.60,408.50
             305.40,405.20 303.00,405.40 294.30,409.50 Z
           M 357.50,171.00
           C 353.70,171.40 347.60,172.10 344.00,172.40
             340.40,172.80 332.80,173.70 327.00,174.50
             321.20,175.30 314.50,176.20 312.00,176.40
             309.50,176.60 301.70,177.50 294.50,178.40
             279.50,180.20 254.50,182.80 245.00,183.50
             229.30,184.60 210.30,186.20 208.20,186.50
             206.90,186.70 198.30,187.20 189.20,187.50
             159.90,188.70 149.20,189.50 147.60,190.90
             145.70,192.50 145.50,195.10 147.20,196.80
             148.90,198.50 186.80,198.30 220.00,196.50
             234.60,195.70 251.50,194.80 257.50,194.50
             263.60,194.20 275.50,193.30 284.10,192.50
             292.70,191.70 303.10,190.80 307.10,190.50
             311.20,190.20 320.40,189.30 327.50,188.50
             334.70,187.70 344.60,186.80 349.50,186.50
             354.50,186.20 362.50,185.70 367.40,185.40
             367.40,185.40 376.30,184.70 376.30,184.70
             376.30,184.70 375.60,195.40 375.60,195.40
             375.20,201.30 374.50,208.20 374.00,210.90
             373.50,213.50 372.90,217.70 372.60,220.10
             370.80,235.00 359.60,278.50 349.50,310.00
             338.20,345.20 326.00,359.00 300.90,365.00
             286.20,368.40 261.40,368.20 241.50,364.40
             221.70,360.60 190.80,348.10 172.70,336.40
             141.10,316.00 129.30,299.10 132.90,279.20
             136.50,259.30 147.80,237.30 162.90,220.80
             169.50,213.60 170.50,210.50 167.00,207.00
             163.30,203.30 160.50,204.40 152.30,212.70
             139.50,225.90 131.10,239.50 125.00,256.70
             116.90,279.60 117.00,296.50 125.40,312.40
             132.40,325.60 156.90,347.10 177.00,357.50
             193.80,366.20 202.20,369.90 212.80,373.20
             217.30,374.60 218.50,376.00 214.80,375.40
             206.30,374.00 186.10,371.80 176.70,371.20
             162.10,370.30 119.70,370.30 109.50,371.30
             97.90,372.30 72.40,378.10 64.80,381.30
             62.70,382.20 61.00,382.70 61.00,382.40
             61.00,381.30 55.00,385.20 53.10,387.60
             49.50,392.10 50.40,396.90 55.30,399.90
             58.10,401.50 73.80,404.90 78.00,404.80
             78.80,404.80 91.00,405.30 105.00,406.00
             139.00,407.60 182.70,407.60 208.50,406.00
             220.10,405.30 230.60,404.70 232.00,404.70
             237.20,404.90 306.50,399.30 314.50,398.00
             317.30,397.60 321.60,397.20 324.10,397.10
             326.60,397.00 333.60,396.30 339.60,395.60
             345.60,394.80 351.40,394.40 352.50,394.60
             353.60,394.90 364.90,395.40 377.50,395.90
             399.40,396.70 400.70,396.70 405.30,394.70
             414.50,390.90 415.70,381.00 407.60,376.10
             401.40,372.30 394.70,371.70 367.40,372.40
             353.10,372.70 337.70,373.30 333.00,373.60
             333.00,373.60 324.50,374.20 324.50,374.20
             324.50,374.20 332.20,369.10 332.20,369.10
             340.60,363.50 346.00,357.90 351.10,349.60
             351.10,349.60 354.30,344.10 354.30,344.10
             354.30,344.10 388.90,344.10 388.90,344.10
             407.90,344.00 424.80,343.70 426.50,343.40
             431.50,342.50 439.20,337.70 442.30,333.50
             446.80,327.40 451.60,316.40 453.40,308.00
             455.30,299.20 458.70,277.90 459.50,270.00
             460.60,258.20 461.80,218.60 461.00,216.60
             458.50,209.80 454.30,209.80 428.00,216.50
             425.00,217.30 421.20,218.10 419.70,218.40
             418.20,218.70 414.50,219.60 411.60,220.40
             408.70,221.30 404.60,222.20 402.60,222.60
             400.50,222.90 396.70,223.80 394.20,224.60
             388.80,226.20 385.60,226.40 386.50,225.10
             386.80,224.60 387.30,221.50 387.60,218.30
             387.90,215.10 388.30,211.40 388.60,210.00
             388.80,208.60 389.30,201.40 389.60,194.00
             390.10,181.60 390.00,180.20 388.10,177.30
             384.80,172.00 381.70,170.70 372.60,170.40
             368.20,170.30 361.40,170.50 357.50,171.00 Z
           M 450.60,227.20
           C 450.30,229.60 449.60,238.90 449.00,248.00
             448.50,257.10 447.60,267.00 447.00,270.00
             446.40,273.00 445.70,277.50 445.40,280.00
             444.50,287.50 440.00,307.20 437.80,313.50
             435.20,320.70 431.50,326.60 427.70,329.40
             425.00,331.40 423.50,331.50 392.90,331.80
             370.50,332.00 361.00,331.80 361.00,331.00
             361.00,330.40 362.10,327.30 363.40,324.20
             365.70,318.70 370.70,302.30 371.60,297.00
             371.90,295.60 372.70,292.20 373.50,289.50
             375.60,282.50 382.60,250.50 383.50,244.60
             384.70,236.20 385.20,235.50 391.40,234.10
             394.50,233.40 398.30,232.70 399.90,232.50
             401.40,232.30 405.40,231.50 408.60,230.60
             411.80,229.80 416.30,228.90 418.50,228.60
             420.70,228.20 425.70,227.30 429.50,226.50
             439.20,224.50 446.10,223.30 448.90,223.10
             451.10,223.00 451.20,223.30 450.60,227.20 Z
           M 176.00,384.00
           C 183.40,384.50 194.50,385.20 200.50,385.60
             206.60,385.90 211.90,386.60 212.40,387.10
             213.00,387.60 212.50,388.00 210.90,388.00
             209.60,388.00 203.80,388.40 198.00,389.00
             172.80,391.30 88.00,392.90 88.00,391.10
             88.00,390.50 88.60,389.90 89.30,389.90
             93.40,389.50 95.20,389.10 101.50,387.70
             119.90,383.50 149.00,382.10 176.00,384.00 Z" />
</svg>
