<?xml version="1.0" encoding="UTF-8" standalone="no"?>
<!DOCTYPE svg PUBLIC "-//W3C//DTD SVG 20010904//EN"
              "http://www.w3.org/TR/2001/REC-SVG-20010904/DTD/svg10.dtd">

<svg xmlns="http://www.w3.org/2000/svg"
     width="5.68889in" height="5.68889in"
     viewBox="0 0 512 512">
  <path id="匯入的路徑"
        fill="none" stroke="black" stroke-width="1"
        d="M 417.30,178.00
           C 413.20,179.70 413.10,186.60 417.30,187.40
             418.50,187.60 423.10,188.30 427.40,188.90
             431.80,189.50 435.60,190.30 435.90,190.50
             436.20,190.80 434.70,192.70 432.70,194.80
             430.60,196.80 429.20,197.70 429.60,196.70
             429.90,195.80 429.70,194.30 429.00,193.50
             426.10,190.10 424.60,191.90 417.60,206.50
             413.80,214.50 410.40,221.00 410.00,221.00
             409.60,221.00 409.60,219.30 410.00,217.20
             410.40,215.20 411.80,208.50 413.00,202.40
             414.30,196.20 415.00,190.50 414.70,189.60
             413.80,187.40 409.30,187.50 408.60,189.70
             408.30,190.70 407.80,193.20 407.40,195.30
             407.10,197.40 406.50,199.00 406.10,198.80
             405.80,198.60 402.70,197.00 399.30,195.30
             388.00,189.40 379.40,187.60 362.40,187.50
             347.40,187.50 347.30,187.50 343.60,190.40
             338.20,194.50 334.30,200.40 331.90,207.90
             330.00,213.90 329.90,216.60 330.10,236.50
             330.30,248.60 330.40,263.00 330.50,268.50
             330.50,268.50 330.50,278.50 330.50,278.50
             330.50,278.50 322.70,278.80 322.70,278.80
             315.10,279.10 315.00,279.10 313.90,276.30
             307.40,259.80 301.90,251.10 292.70,242.40
             284.70,234.70 275.00,229.40 262.90,226.00
             249.40,222.20 225.10,223.50 211.70,228.70
             198.30,233.90 183.00,246.40 176.40,257.60
             171.80,265.50 168.90,275.80 168.30,286.70
             168.00,292.40 167.40,297.00 167.10,297.00
             166.70,297.00 165.30,296.20 164.00,295.30
             155.80,289.50 153.00,281.60 152.30,262.00
             151.90,249.40 152.10,245.90 154.30,235.20
             155.60,228.40 156.80,219.30 156.90,215.10
             157.10,208.00 156.90,207.00 154.50,204.20
             150.30,199.20 137.60,196.10 117.60,195.10
             117.60,195.10 104.70,194.50 104.70,194.50
             104.70,194.50 103.00,189.20 103.00,189.20
             102.00,186.30 100.50,183.10 99.50,182.00
             97.00,179.30 92.50,179.40 90.60,182.20
             88.50,185.20 88.50,185.50 92.00,189.20
             93.70,190.90 95.00,192.90 95.00,193.50
             95.00,194.70 89.00,196.20 88.00,195.30
             87.80,195.10 87.70,193.10 87.70,190.90
             87.90,187.50 87.50,186.80 85.40,186.00
             81.80,184.60 77.10,184.80 69.30,186.60
             65.60,187.50 61.80,188.30 61.00,188.50
             47.80,191.30 25.80,199.50 22.50,202.80
             19.40,205.90 19.40,206.20 22.40,209.70
             23.80,211.30 26.30,216.20 28.00,220.60
             31.60,229.60 40.70,247.10 42.40,248.20
             45.10,250.00 54.10,247.60 62.20,243.00
             63.20,242.40 65.00,242.00 66.30,242.00
             67.50,242.00 69.60,241.30 70.90,240.40
             72.20,239.50 74.80,238.30 76.90,237.80
             83.80,236.10 100.40,234.00 101.00,234.70
             101.70,235.50 104.00,251.90 104.00,255.60
             104.00,257.40 103.20,257.50 89.40,257.20
             68.70,256.70 58.00,259.70 48.00,268.70
             42.30,273.80 40.30,278.90 41.70,284.90
             42.40,287.90 43.10,288.60 45.40,288.80
             49.20,289.30 50.20,288.00 50.50,282.80
             50.70,279.40 51.40,278.00 53.90,275.90
             62.10,269.10 73.80,265.70 89.50,265.60
             101.80,265.50 104.50,266.20 106.40,269.90
             108.20,273.40 110.50,274.40 113.20,272.90
             115.30,271.80 115.30,269.50 113.50,261.00
             112.60,256.80 111.00,245.80 110.30,239.90
             109.80,234.80 110.00,234.10 111.90,233.10
             113.30,232.30 114.00,231.00 114.00,229.00
             114.00,227.30 114.50,225.10 115.20,224.00
             116.20,222.40 116.10,221.60 114.40,219.30
             112.40,216.60 110.00,209.00 110.00,205.40
             110.00,203.90 111.00,203.80 120.30,204.40
             131.20,205.10 144.60,207.60 146.80,209.30
             148.40,210.50 147.80,218.70 145.40,230.00
             142.30,245.00 142.80,272.30 146.50,282.80
             150.40,293.90 156.70,301.20 164.10,303.40
             164.10,303.40 168.40,304.70 168.40,304.70
             168.40,304.70 171.10,314.00 171.10,314.00
             177.00,334.50 189.30,351.30 203.90,358.90
             207.40,360.80 212.00,364.00 214.10,366.10
             220.10,372.10 226.00,373.40 246.50,373.30
             269.10,373.10 279.90,370.60 292.70,362.40
             310.60,351.00 319.10,335.50 319.40,314.00
             319.50,303.90 319.00,297.90 317.50,289.60
             317.50,289.60 316.70,285.70 316.70,285.70
             316.70,285.70 322.30,286.30 322.30,286.30
             329.20,287.00 334.60,285.60 336.40,282.70
             337.50,281.00 337.90,273.30 338.40,249.50
             339.10,216.60 339.80,211.40 344.40,204.10
             348.90,197.10 349.90,196.70 361.30,196.70
             373.10,196.80 384.90,199.40 394.90,204.00
             394.90,204.00 401.30,207.00 401.30,207.00
             401.30,207.00 400.70,215.70 400.70,215.70
             400.00,225.50 395.60,242.20 392.70,246.10
             391.10,248.40 391.00,249.00 392.10,250.80
             393.90,253.70 395.00,253.80 416.50,254.10
             441.60,254.50 454.50,256.80 467.10,263.10
             475.50,267.30 478.40,270.20 480.90,276.90
             482.10,280.10 483.70,283.30 484.50,284.00
             486.40,285.60 490.70,284.50 491.40,282.20
             492.30,279.50 487.60,267.00 484.10,262.80
             480.60,258.60 470.30,252.50 462.40,249.90
             453.20,246.90 436.80,245.00 419.40,245.00
             419.40,245.00 402.80,245.00 402.80,245.00
             402.80,245.00 403.40,242.70 403.40,242.70
             403.70,241.50 404.50,238.10 405.10,235.20
             406.00,231.20 406.70,230.10 407.90,230.40
             408.80,230.70 415.40,232.10 422.50,233.50
             429.70,234.90 437.30,236.40 439.50,237.00
             462.30,242.60 477.40,246.00 479.40,246.00
             480.80,246.00 482.20,245.40 482.70,244.70
             483.10,244.10 483.60,238.10 483.60,231.50
             483.80,221.30 484.40,215.60 487.40,200.50
             490.00,186.60 489.70,186.20 475.40,184.40
             458.50,182.30 441.90,179.90 437.50,179.00
             430.60,177.60 419.60,177.00 417.30,178.00 Z
           M 455.80,192.80
           C 457.90,193.40 457.60,193.80 452.50,197.30
             448.30,200.10 447.00,200.60 447.40,199.30
             447.70,198.30 448.20,196.30 448.60,194.70
             449.20,191.90 450.90,191.50 455.80,192.80 Z
           M 73.10,197.50
           C 71.20,203.00 70.00,203.30 70.00,198.20
             70.00,193.90 70.50,193.00 73.00,193.00
             74.60,193.00 74.60,193.30 73.10,197.50 Z
           M 474.70,194.60
           C 477.70,195.20 477.70,195.20 476.70,199.80
             475.80,204.10 475.30,204.70 470.40,207.20
             470.40,207.20 465.10,209.80 465.10,209.80
             465.10,209.80 467.20,204.40 467.20,204.40
             468.90,200.00 469.10,198.50 468.20,196.50
             467.10,194.20 467.30,194.00 469.40,194.00
             470.70,194.00 473.10,194.30 474.70,194.60 Z
           M 55.60,200.20
           C 55.20,201.50 54.40,204.60 53.80,207.20
             53.20,209.90 52.40,212.00 52.10,212.00
             51.70,212.00 51.50,209.10 51.50,205.50
             51.50,199.10 51.80,198.60 55.40,198.10
             55.80,198.10 55.90,199.00 55.60,200.20 Z
           M 44.40,205.80
           C 44.40,207.60 44.30,214.50 44.10,221.20
             44.10,221.20 43.90,233.50 43.90,233.50
             43.90,233.50 40.30,226.50 40.30,226.50
             37.20,220.50 32.00,208.40 32.00,207.30
             32.00,206.60 42.50,202.10 43.50,202.40
             44.10,202.50 44.50,204.10 44.40,205.80 Z
           M 92.80,207.60
           C 91.70,209.90 91.50,210.00 90.90,208.30
             89.70,205.40 89.90,205.00 92.00,205.00
             93.70,205.00 93.80,205.30 92.80,207.60 Z
           M 430.90,212.90
           C 428.70,217.10 427.90,219.60 428.40,221.40
             429.20,224.80 432.60,225.70 435.50,223.40
             447.60,213.50 454.40,208.10 454.60,208.30
             454.80,208.40 454.20,210.70 453.30,213.40
             451.90,217.70 451.80,218.60 453.10,220.90
             454.90,224.10 458.70,224.70 462.90,222.60
             464.50,221.70 466.10,221.00 466.40,221.00
             466.70,221.00 464.90,227.90 463.60,231.60
             463.30,232.40 461.30,232.30 456.80,231.30
             453.40,230.50 444.20,228.80 436.50,227.40
             428.80,226.10 421.70,224.70 420.80,224.40
             419.40,224.00 420.40,222.30 426.20,215.40
             430.10,210.80 433.40,207.00 433.60,207.00
             433.80,207.00 432.60,209.70 430.90,212.90 Z
           M 81.80,210.70
           C 81.80,211.70 82.10,215.70 82.50,219.60
             83.20,226.50 83.20,226.70 80.90,227.30
             78.00,228.10 74.00,228.20 74.00,227.50
             74.00,226.10 78.00,212.90 78.90,211.10
             80.30,208.50 81.90,208.40 81.80,210.70 Z
           M 101.80,220.00
           C 101.50,223.90 101.20,224.40 98.80,224.70
             95.50,225.10 95.40,224.60 98.00,218.40
             100.50,212.80 102.30,213.50 101.80,220.00 Z
           M 61.60,232.50
           C 61.10,234.00 55.10,237.40 54.40,236.70
             53.50,235.80 56.00,231.00 57.40,231.00
             58.10,231.00 59.40,230.30 60.10,229.30
             61.40,227.80 61.50,227.80 61.80,229.40
             62.00,230.30 61.90,231.70 61.60,232.50 Z
           M 261.60,238.10
           C 284.00,245.00 296.20,258.70 303.80,285.20
             306.10,293.40 306.40,296.40 306.40,310.50
             306.50,325.80 306.40,326.80 303.70,333.10
             300.30,341.10 296.40,346.00 288.80,351.60
             278.10,359.50 263.90,363.00 242.80,363.00
             242.80,363.00 231.10,363.00 231.10,363.00
             231.10,363.00 230.80,360.20 230.80,360.20
             230.50,357.60 230.20,357.50 224.70,357.20
             219.50,356.90 218.80,356.60 217.90,354.30
             217.40,352.80 217.00,350.60 217.20,349.30
             217.20,349.30 217.50,347.00 217.50,347.00
             217.50,347.00 222.00,350.00 222.00,350.00
             224.50,351.60 229.70,354.20 233.50,355.70
             239.90,358.30 241.70,358.50 253.50,358.50
             264.90,358.50 267.00,358.20 270.50,356.30
             274.70,354.10 284.00,344.90 284.00,343.00
             284.00,342.50 284.60,342.00 285.30,342.00
             286.10,342.00 287.40,341.20 288.30,340.20
             289.80,338.60 289.90,335.80 289.50,316.90
             289.30,305.10 288.60,292.80 288.10,289.50
             287.50,286.20 287.00,280.50 287.00,276.80
             287.00,271.10 286.70,270.00 285.10,269.50
             284.00,269.20 282.20,266.90 281.00,264.60
             278.20,258.80 270.30,251.50 263.20,248.20
             258.20,245.80 256.00,245.50 244.80,245.20
             225.90,244.60 215.80,248.10 205.50,258.80
             194.70,270.00 190.00,282.00 190.00,298.00
             190.00,307.80 192.30,318.80 195.70,325.40
             196.60,327.10 200.70,331.80 204.90,335.80
             209.50,340.30 212.00,343.40 211.20,343.70
             208.80,344.60 207.00,347.20 207.00,349.60
             207.00,349.60 207.00,352.10 207.00,352.10
             207.00,352.10 202.60,349.10 202.60,349.10
             191.70,341.60 181.80,324.30 179.50,308.70
             178.80,304.30 178.90,304.10 181.50,303.80
             187.50,303.10 187.50,297.00 181.50,297.00
             181.50,297.00 178.00,297.00 178.00,297.00
             178.00,297.00 178.00,291.60 178.00,291.60
             178.00,267.30 194.20,246.60 219.50,238.70
             226.60,236.40 228.00,236.30 242.10,236.10
             252.50,236.00 256.10,236.40 261.60,238.10 Z
           M 237.30,298.10
           C 237.50,344.70 237.70,346.00 242.50,346.00
             245.40,346.00 248.40,342.00 247.60,339.30
             247.30,338.30 246.80,330.70 246.50,322.50
             246.20,314.20 245.50,298.90 245.10,288.50
             244.60,278.00 244.40,266.10 244.50,262.00
             244.50,262.00 244.80,254.50 244.80,254.50
             244.80,254.50 249.60,254.80 249.60,254.80
             252.30,254.90 255.70,255.60 257.20,256.20
             257.20,256.20 260.00,257.20 260.00,257.20
             260.00,257.20 259.50,279.40 259.50,279.40
             259.20,291.50 258.80,311.00 258.50,322.70
             258.20,334.90 258.40,344.90 258.90,346.30
             259.40,347.70 259.70,349.00 259.50,349.10
             259.30,349.30 255.00,349.30 249.80,349.00
             239.90,348.40 232.30,345.70 225.20,340.40
             222.10,337.90 222.00,337.70 223.50,336.00
             225.20,334.10 225.20,330.10 223.40,304.50
             223.20,301.20 222.80,290.50 222.50,280.60
             222.20,270.80 221.70,262.40 221.40,261.90
             221.10,261.40 220.10,261.00 219.20,261.00
             217.00,260.90 224.30,257.00 229.40,255.50
             237.70,253.00 237.00,249.20 237.30,298.10 Z
           M 215.80,268.20
           C 215.30,271.70 215.30,286.90 215.60,302.10
             216.00,319.90 215.90,329.90 215.30,330.30
             214.70,330.70 212.60,329.10 210.60,326.90
             207.90,324.10 206.30,323.10 205.00,323.50
             202.30,324.30 199.20,315.40 198.40,304.30
             197.70,294.30 199.40,285.10 203.40,277.20
             205.80,272.60 214.40,262.00 215.90,262.00
             216.30,262.00 216.30,264.80 215.80,268.20 Z
           M 273.90,270.90
           C 275.00,273.50 276.20,276.90 276.50,278.60
             279.10,291.70 279.90,320.80 277.90,330.00
             276.70,335.70 271.40,344.30 268.80,344.80
             267.20,345.10 267.10,342.30 267.00,303.40
             267.00,303.40 267.00,261.60 267.00,261.60
             267.00,261.60 269.40,263.90 269.40,263.90
             270.70,265.20 272.80,268.30 273.90,270.90 Z" />
</svg>
