<?xml version="1.0" encoding="UTF-8" standalone="no"?>
<!DOCTYPE svg PUBLIC "-//W3C//DTD SVG 20010904//EN"
              "http://www.w3.org/TR/2001/REC-SVG-20010904/DTD/svg10.dtd">

<svg xmlns="http://www.w3.org/2000/svg"
     width="5.68889in" height="5.68889in"
     viewBox="0 0 512 512">
  <path id="匯入的路徑"
        fill="none" stroke="black" stroke-width="1"
        d="M 300.60,150.30
           C 296.30,154.80 290.50,165.90 278.80,192.00
             265.20,222.40 244.00,262.20 230.60,282.90
             228.20,286.50 224.50,292.40 222.30,296.00
             213.80,309.90 192.50,343.40 191.20,345.00
             190.80,345.50 189.50,344.00 185.30,338.40
             171.60,319.90 164.10,310.50 154.70,299.80
             148.60,292.70 143.00,285.90 142.30,284.60
             141.30,282.60 139.90,282.00 135.50,281.50
             130.50,280.80 129.60,281.00 127.30,283.10
             125.10,285.20 124.90,286.10 125.40,290.30
             125.90,294.60 125.60,295.60 122.60,299.80
             120.80,302.40 114.40,311.70 108.50,320.50
             102.50,329.30 95.30,339.70 92.50,343.70
             89.80,347.70 84.60,355.20 81.00,360.50
             68.80,378.70 54.20,399.00 43.70,412.30
             30.80,428.80 30.70,428.90 32.10,433.00
             34.10,438.50 34.90,438.50 56.00,434.50
             69.40,431.90 80.30,430.90 114.50,429.00
             124.40,428.50 135.40,427.80 139.00,427.50
             157.60,426.20 212.10,425.80 221.70,426.90
             230.90,428.00 232.30,427.90 235.60,426.40
             238.90,424.80 242.80,424.80 292.30,425.90
             344.30,427.00 353.30,427.40 363.50,428.90
             368.80,429.70 308.80,430.70 213.00,431.60
             136.80,432.20 86.80,433.50 84.20,434.90
             81.30,436.40 80.80,439.80 83.10,442.10
             84.90,443.90 87.10,444.00 132.70,444.20
             159.00,444.40 184.30,444.50 189.00,444.40
             196.40,444.40 238.10,445.40 314.00,447.50
             325.30,447.80 355.40,448.70 381.00,449.50
             406.60,450.30 434.70,451.00 443.50,451.00
             456.00,451.10 459.90,451.40 461.40,452.50
             464.90,455.10 470.20,454.40 475.30,450.50
             481.50,445.70 483.00,440.00 479.50,434.60
             477.10,431.00 473.10,430.00 460.60,429.90
             451.50,429.70 450.60,429.60 455.40,429.10
             459.80,428.60 461.70,427.90 463.10,426.10
             465.50,423.20 465.50,422.90 463.00,419.70
             463.00,419.70 461.00,417.20 461.00,417.20
             461.00,417.20 435.30,416.60 435.30,416.60
             384.00,415.30 374.90,414.90 362.80,413.20
             352.30,411.80 341.70,411.50 291.50,411.50
             291.50,411.50 232.50,411.50 232.50,411.50
             232.50,411.50 226.20,402.00 226.20,402.00
             222.80,396.80 216.10,386.00 211.30,378.00
             206.60,370.00 201.60,362.10 200.30,360.30
             200.30,360.30 198.00,357.10 198.00,357.10
             198.00,357.10 214.10,333.30 214.10,333.30
             240.50,294.20 259.20,265.90 263.00,259.00
             265.00,255.40 269.40,247.80 272.70,242.00
             283.00,224.00 290.70,209.00 296.00,196.50
             298.80,189.90 302.10,182.30 303.30,179.60
             303.30,179.60 305.60,174.70 305.60,174.70
             305.60,174.70 315.90,195.60 315.90,195.60
             327.60,219.40 329.30,222.60 355.90,267.80
             361.50,277.30 366.30,285.70 366.60,286.50
             367.00,287.30 364.30,294.80 360.70,303.20
             357.10,311.60 353.70,319.70 353.10,321.20
             352.50,322.80 351.50,324.00 350.90,324.00
             350.00,324.00 334.60,311.40 329.10,306.20
             325.50,302.70 305.10,290.20 281.00,276.70
             275.10,273.40 273.20,274.60 262.40,288.30
             257.10,295.00 249.20,304.20 244.90,308.60
             240.50,313.10 237.00,317.30 237.00,317.90
             237.00,319.60 240.80,323.00 242.60,323.00
             245.30,323.00 263.00,304.90 274.80,290.10
             276.80,287.50 277.20,287.60 283.20,291.20
             310.20,307.60 318.00,312.90 329.30,322.40
             336.40,328.30 343.80,334.30 345.70,335.60
             349.50,338.20 353.30,338.10 357.30,335.50
             359.70,333.90 366.00,322.20 372.10,307.80
             373.40,304.60 374.80,302.00 375.10,302.00
             375.40,302.00 376.70,303.90 378.00,306.20
             386.20,321.00 401.60,345.90 415.80,367.50
             424.90,381.20 434.50,396.50 437.20,401.50
             442.60,411.60 444.10,413.00 448.40,413.00
             452.20,412.90 454.60,411.20 456.00,407.60
             456.90,405.20 456.40,403.60 452.60,395.70
             450.10,390.60 445.10,381.50 441.50,375.50
             437.80,369.40 429.10,355.00 422.20,343.50
             415.30,331.90 404.00,313.00 397.00,301.40
             397.00,301.40 384.40,280.20 384.40,280.20
             384.40,280.20 390.70,267.00 390.70,267.00
             396.70,254.50 397.00,253.70 395.60,251.50
             394.70,250.20 393.20,248.90 392.20,248.60
             388.20,247.30 385.40,249.60 381.10,257.90
             378.80,262.40 376.60,266.00 376.10,266.00
             375.70,266.00 370.20,257.90 363.90,247.90
             333.10,199.30 320.70,175.10 318.10,159.10
             316.90,151.80 315.00,148.30 311.40,147.00
             306.90,145.20 304.70,145.90 300.60,150.30 Z
           M 142.60,311.70
           C 169.80,345.00 181.00,359.40 181.00,361.00
             181.00,361.70 179.00,365.40 176.60,369.40
             171.70,377.30 166.40,386.90 159.30,400.70
             159.30,400.70 154.60,409.80 154.60,409.80
             154.60,409.80 148.60,410.40 148.60,410.40
             145.20,410.70 138.00,411.20 132.50,411.60
             118.60,412.30 93.50,414.80 81.50,416.50
             76.00,417.30 69.00,418.20 66.00,418.50
             63.00,418.80 59.70,419.30 58.70,419.60
             57.50,420.00 58.90,417.20 63.10,411.30
             66.50,406.50 70.80,400.00 72.80,397.00
             74.70,394.00 78.20,388.60 80.50,385.00
             82.90,381.40 88.00,373.30 92.00,367.00
             96.10,360.70 101.20,352.60 103.50,349.00
             105.80,345.40 110.90,337.30 115.00,331.00
             131.10,305.70 133.50,302.00 134.10,302.00
             134.40,302.00 138.20,306.40 142.60,311.70 Z
           M 192.70,376.80
           C 194.40,379.40 198.40,385.50 201.60,390.50
             204.70,395.40 208.80,401.90 210.70,404.80
             210.70,404.80 214.10,410.10 214.10,410.10
             214.10,410.10 190.10,409.80 190.10,409.80
             169.20,409.50 166.10,409.30 166.60,408.00
             167.60,405.30 188.20,372.00 188.90,372.00
             189.20,372.00 190.90,374.10 192.70,376.80 Z" />
</svg>
