<?xml version="1.0" encoding="UTF-8" standalone="no"?>
<!DOCTYPE svg PUBLIC "-//W3C//DTD SVG 20010904//EN"
              "http://www.w3.org/TR/2001/REC-SVG-20010904/DTD/svg10.dtd">

<svg xmlns="http://www.w3.org/2000/svg"
     width="5.68889in" height="5.68889in"
     viewBox="0 0 512 512">
  <path id="匯入的路徑"
        fill="none" stroke="black" stroke-width="1"
        d="M 252.80,78.00
           C 247.00,79.70 233.50,89.20 222.80,98.90
             217.40,103.90 180.30,144.80 178.70,147.60
             177.70,149.40 179.60,153.00 181.70,153.00
             182.70,153.00 184.90,151.60 186.70,149.80
             188.50,148.00 190.00,147.10 190.00,147.70
             190.00,149.80 193.10,152.00 196.10,152.00
             197.70,152.00 202.10,153.40 205.80,155.10
             205.80,155.10 212.50,158.20 212.50,158.20
             212.50,158.20 201.00,162.10 201.00,162.10
             194.70,164.20 187.30,166.20 184.70,166.60
             180.00,167.30 177.10,169.80 178.50,172.00
             178.80,172.60 178.80,173.00 178.40,173.00
             177.70,173.00 168.10,168.70 153.20,161.80
             148.60,159.70 137.80,155.00 129.20,151.40
             120.60,147.80 111.70,144.00 109.40,143.00
             102.70,140.00 78.40,132.00 75.80,132.00
             72.90,132.00 71.00,133.70 71.00,136.20
             71.00,138.20 72.00,138.70 82.50,142.00
             86.40,143.30 92.30,145.50 95.70,147.10
             99.10,148.70 104.60,151.10 107.90,152.40
             111.10,153.80 119.60,157.70 126.70,161.00
             158.00,175.90 169.00,181.40 169.00,182.20
             169.00,182.60 166.90,183.00 164.30,183.00
             161.60,183.00 157.80,183.50 155.60,184.10
             153.50,184.70 151.00,185.30 150.10,185.50
             146.40,186.20 135.90,190.60 128.00,194.80
             114.50,201.80 73.70,229.40 70.30,233.80
             68.20,236.50 68.70,240.90 71.30,242.10
             73.20,243.00 76.00,241.90 90.00,234.60
             106.20,226.30 131.90,214.50 140.30,211.60
             142.60,210.80 147.50,209.00 151.30,207.60
             155.00,206.20 158.00,205.30 158.00,205.50
             158.00,205.70 159.60,205.20 161.50,204.40
             164.90,203.00 165.00,203.00 165.00,205.30
             165.00,206.70 163.90,208.50 162.30,209.70
             157.90,212.90 147.70,228.50 148.40,230.80
             148.80,231.80 150.90,234.20 153.30,236.10
             160.90,242.10 170.00,251.30 170.00,252.90
             170.00,255.60 152.90,274.70 147.50,278.10
             141.50,281.90 140.10,283.60 140.00,287.40
             140.00,289.70 141.90,292.20 150.00,300.50
             150.00,300.50 160.10,310.70 160.10,310.70
             160.10,310.70 159.40,318.60 159.40,318.60
             158.80,326.50 158.80,326.50 162.40,331.90
             164.90,335.60 166.00,338.30 166.00,341.00
             166.00,343.40 166.90,345.90 168.50,348.10
             169.90,350.00 172.30,354.20 174.00,357.40
             176.60,362.60 176.90,364.40 176.90,372.10
             176.90,382.00 178.50,386.60 182.50,387.60
             185.20,388.30 205.60,382.30 223.70,375.50
             227.30,374.10 230.40,373.10 230.50,373.20
             230.70,373.40 231.80,375.80 233.00,378.70
             234.20,381.50 236.00,384.60 237.10,385.60
             238.10,386.50 239.00,387.60 239.00,387.90
             239.00,388.30 235.80,391.80 231.90,395.80
             226.30,401.50 223.90,405.00 220.50,412.30
             215.90,422.10 205.00,439.20 196.50,450.00
             190.80,457.20 187.00,463.20 187.00,464.80
             187.00,469.30 196.70,470.30 203.00,466.50
             204.90,465.30 210.60,462.40 215.50,460.00
             237.70,449.50 256.70,439.70 266.20,434.10
             274.00,429.40 285.00,423.00 288.50,421.00
             290.70,419.80 297.00,416.30 302.50,413.30
             308.00,410.20 317.70,404.70 324.00,400.90
             330.30,397.20 342.30,390.30 350.50,385.80
             363.80,378.40 365.50,377.10 365.80,374.60
             366.20,371.10 363.80,368.30 358.40,366.00
             351.40,363.00 348.20,358.30 342.00,342.30
             340.30,338.00 338.60,333.60 338.10,332.50
             337.60,331.40 336.40,328.50 335.40,326.00
             334.40,323.50 332.50,319.80 331.30,317.80
             328.70,313.60 328.30,314.60 335.00,308.70
             336.10,307.80 337.00,306.10 337.00,305.00
             337.00,302.80 341.00,296.00 342.30,296.00
             342.80,296.00 348.40,299.70 354.80,304.30
             387.30,327.30 421.90,344.90 434.80,345.00
             440.60,345.00 444.00,341.70 444.00,336.10
             444.00,332.90 443.40,331.70 440.90,329.60
             439.20,328.20 436.80,327.00 435.50,327.00
             434.20,327.00 429.40,325.40 424.80,323.40
             413.90,318.60 407.80,315.10 379.00,297.00
             376.80,295.60 371.20,292.10 366.50,289.20
             361.90,286.30 356.80,282.90 355.30,281.60
             355.30,281.60 352.50,279.20 352.50,279.20
             352.50,279.20 355.50,278.50 355.50,278.50
             357.20,278.20 359.20,277.50 360.00,277.10
             362.40,275.80 362.40,272.00 359.90,269.40
             357.20,266.60 358.70,266.20 362.10,268.90
             363.40,269.90 368.00,273.10 372.20,275.90
             376.50,278.80 382.80,283.30 386.10,286.00
             389.50,288.80 393.10,291.00 394.00,291.00
             397.40,291.00 401.00,287.10 401.00,283.50
             401.00,277.40 392.10,269.80 367.30,254.40
             357.70,248.50 356.00,247.10 355.50,244.40
             354.90,240.90 351.80,239.00 346.90,239.00
             345.20,239.00 342.90,238.50 341.70,237.90
             334.20,233.90 296.10,207.50 269.90,187.90
             226.20,155.30 211.00,146.10 197.90,144.20
             197.90,144.20 192.70,143.50 192.70,143.50
             192.70,143.50 210.80,124.90 210.80,124.90
             220.80,114.70 231.50,104.30 234.70,101.90
             237.90,99.50 241.30,96.80 242.30,95.80
             243.40,94.90 247.50,92.50 251.50,90.50
             257.90,87.20 259.40,86.80 263.70,87.30
             269.40,88.00 276.90,91.00 292.90,98.90
             317.90,111.40 332.10,121.40 368.90,152.40
             383.70,164.90 385.00,166.50 385.00,171.80
             385.00,176.80 383.10,188.40 380.60,199.00
             378.50,207.60 378.50,215.40 380.60,217.40
             382.50,219.40 387.40,219.50 388.90,217.60
             389.60,216.80 390.50,213.30 391.10,209.80
             391.60,206.30 392.70,201.00 393.50,198.00
             397.70,182.80 399.20,167.30 397.00,161.50
             395.40,157.20 386.40,148.50 371.50,136.60
             336.20,108.50 314.70,95.40 282.20,82.40
             270.50,77.70 268.00,77.00 262.20,77.10
             258.50,77.10 254.30,77.50 252.80,78.00 Z
           M 233.80,172.90
           C 251.30,186.20 267.90,199.80 267.30,200.40
             266.90,200.70 265.60,201.00 264.40,201.00
             263.10,201.00 258.20,202.40 253.50,204.10
             245.50,207.00 244.80,207.10 243.10,205.60
             242.10,204.70 240.80,204.00 240.10,204.00
             237.90,204.00 227.90,199.00 227.50,197.70
             227.30,197.10 226.90,191.30 226.50,185.00
             226.10,178.70 225.70,172.00 225.40,170.20
             225.20,168.50 225.30,167.00 225.60,167.00
             225.90,167.00 229.60,169.60 233.80,172.90 Z
           M 216.40,174.10
           C 217.20,182.50 217.20,192.00 216.30,191.90
             215.80,191.90 208.10,188.10 199.00,183.50
             181.80,174.80 182.00,175.10 190.00,173.70
             191.40,173.40 195.20,172.40 198.50,171.50
             205.70,169.40 210.80,168.30 213.60,168.10
             215.50,168.00 215.80,168.70 216.40,174.10 Z
           M 274.60,218.80
           C 275.70,223.30 276.40,227.00 276.10,227.00
             275.00,226.90 255.50,214.00 256.30,213.90
             257.80,213.60 258.60,213.40 262.00,212.30
             266.00,211.00 270.00,210.20 271.50,210.50
             272.00,210.60 273.40,214.30 274.60,218.80 Z
           M 295.00,221.00
           C 300.20,225.00 307.60,230.50 311.40,233.30
             311.40,233.30 318.30,238.40 318.30,238.40
             318.30,238.40 312.40,239.70 312.40,239.70
             301.20,242.30 298.00,242.10 293.30,238.70
             290.90,237.00 289.00,235.50 289.00,235.30
             289.00,234.90 284.10,215.90 283.30,213.50
             282.80,211.90 283.00,211.70 284.10,212.60
             284.90,213.20 289.80,217.00 295.00,221.00 Z
           M 220.60,218.10
           C 220.90,218.60 224.20,219.00 228.00,219.00
             234.50,219.00 235.40,219.30 242.20,223.50
             257.60,233.10 269.50,241.70 269.10,243.10
             268.90,243.90 268.20,251.00 267.40,259.00
             266.70,267.00 265.60,278.00 265.00,283.50
             263.60,297.20 263.70,299.40 265.90,301.40
             268.60,303.80 272.00,301.90 274.40,296.70
             275.50,294.40 279.90,287.20 284.40,280.70
             284.40,280.70 292.40,269.00 292.40,269.00
             292.40,269.00 294.70,271.70 294.70,271.70
             298.80,276.60 300.20,281.00 300.30,289.50
             300.30,293.90 299.80,299.50 299.10,302.00
             297.60,307.30 290.80,314.60 286.50,315.50
             284.80,315.80 282.50,316.30 281.30,316.60
             278.60,317.10 277.50,320.20 279.00,323.00
             279.80,324.60 281.10,325.00 284.60,325.00
             290.60,325.00 295.00,322.80 299.90,317.50
             305.60,311.30 307.80,306.30 308.80,297.30
             308.80,297.30 309.60,289.50 309.60,289.50
             309.60,289.50 311.80,296.30 311.80,296.30
             313.00,300.00 315.10,305.50 316.50,308.60
             317.90,311.70 319.00,314.90 319.00,315.60
             319.00,316.30 320.30,319.00 322.00,321.60
             323.60,324.20 325.70,328.60 326.60,331.40
             329.30,339.50 337.60,358.30 340.40,362.80
             341.80,365.10 344.50,368.40 346.40,370.20
             346.40,370.20 349.80,373.40 349.80,373.40
             349.80,373.40 341.20,378.00 341.20,378.00
             323.40,387.40 312.50,393.30 311.50,394.00
             311.00,394.40 306.00,397.10 300.50,400.00
             290.30,405.40 285.70,408.10 257.50,425.50
             248.70,430.90 236.30,438.00 230.00,441.30
             223.70,444.60 215.70,448.80 212.30,450.70
             208.80,452.60 206.00,453.80 206.00,453.50
             206.00,453.10 206.90,451.60 208.10,450.20
             216.00,440.00 224.80,426.30 229.00,417.60
             233.40,408.40 234.80,406.50 242.90,398.80
             247.90,394.00 252.00,389.70 252.00,389.20
             252.00,388.60 249.90,385.80 247.40,382.80
             242.40,377.10 240.00,372.50 240.00,368.80
             240.00,365.20 237.30,362.00 234.20,362.00
             232.70,362.00 229.00,362.90 226.00,364.10
             223.00,365.20 219.80,366.30 219.00,366.50
             218.20,366.70 215.70,367.60 213.50,368.40
             199.60,373.60 189.30,377.00 187.80,377.00
             186.20,377.00 186.00,375.90 186.00,368.60
             186.00,360.80 185.70,359.60 182.40,353.30
             180.40,349.60 178.10,345.70 177.10,344.60
             176.20,343.60 175.50,342.00 175.40,341.10
             175.30,340.20 175.20,338.10 175.10,336.40
             175.10,334.50 173.60,331.60 171.50,328.90
             168.00,324.50 168.00,324.50 168.60,316.90
             169.40,307.40 168.70,306.00 158.10,295.50
             158.10,295.50 150.00,287.50 150.00,287.50
             150.00,287.50 153.50,285.40 153.50,285.40
             158.90,282.20 162.20,278.90 170.60,268.50
             177.70,259.60 178.40,258.40 178.80,253.50
             179.20,248.30 179.10,248.10 174.40,243.00
             171.70,240.10 166.90,235.80 163.80,233.30
             163.80,233.30 158.00,228.90 158.00,228.90
             158.00,228.90 159.70,226.30 159.70,226.30
             159.70,226.30 161.40,223.70 161.40,223.70
             161.40,223.70 162.50,227.00 162.50,227.00
             164.10,231.80 166.60,233.30 172.00,232.50
             174.40,232.10 178.20,231.10 180.50,230.30
             188.90,227.20 202.60,221.70 205.50,220.40
             213.80,216.70 219.20,215.80 220.60,218.10 Z
           M 278.00,248.00
           C 278.00,248.50 277.60,249.00 277.00,249.00
             276.50,249.00 276.00,248.50 276.00,248.00
             276.00,247.40 276.50,247.00 277.00,247.00
             277.60,247.00 278.00,247.40 278.00,248.00 Z
           M 340.40,254.00
           C 347.10,258.60 347.40,259.00 348.40,265.00
             348.80,267.70 348.40,269.10 346.60,271.40
             346.60,271.40 344.30,274.20 344.30,274.20
             344.30,274.20 341.40,272.40 341.40,272.40
             330.10,265.20 325.00,260.70 322.00,255.30
             320.40,252.20 319.40,249.40 319.90,249.10
             320.40,248.80 323.70,248.70 327.30,249.00
             332.90,249.40 334.70,250.10 340.40,254.00 Z" />
</svg>
