<?xml version="1.0" encoding="UTF-8" standalone="no"?>
<!DOCTYPE svg PUBLIC "-//W3C//DTD SVG 20010904//EN"
              "http://www.w3.org/TR/2001/REC-SVG-20010904/DTD/svg10.dtd">

<svg xmlns="http://www.w3.org/2000/svg"
     width="5.68889in" height="5.68889in"
     viewBox="0 0 512 512">
  <path id="匯入的路徑"
        fill="none" stroke="black" stroke-width="1"
        d="M 200.60,346.20
           C 198.70,348.80 198.30,365.50 200.10,366.50
             200.60,366.90 202.20,366.90 203.60,366.60
             206.00,366.00 206.00,365.80 206.00,355.60
             206.00,347.10 205.70,345.10 204.40,344.60
             202.20,343.80 202.30,343.70 200.60,346.20 Z
           M 229.00,339.00
           C 226.90,340.30 226.20,349.10 226.80,364.30
             227.30,377.90 227.30,378.00 229.80,378.70
             232.60,379.40 235.50,376.60 234.50,374.20
             234.20,373.40 234.00,365.50 234.00,356.50
             234.00,341.70 233.80,340.00 232.20,339.10
             231.20,338.60 229.80,338.50 229.00,339.00 Z
           M 129.20,311.20
           C 128.10,312.60 127.20,316.90 126.60,323.50
             124.90,340.60 123.50,353.40 122.50,361.00
             121.90,364.90 121.50,368.50 120.00,381.00
             119.40,385.70 118.50,392.60 118.00,396.50
             117.50,400.30 117.10,404.00 117.00,404.60
             117.00,405.30 115.50,406.10 113.60,406.40
             111.80,406.80 109.50,407.90 108.50,409.00
             105.30,412.60 106.80,420.00 110.70,420.00
             111.50,420.00 113.10,418.90 114.40,417.70
             116.20,415.80 117.20,415.50 118.60,416.30
             119.80,417.00 120.90,416.90 122.10,416.10
             125.90,413.80 126.90,414.70 127.20,420.60
             127.50,427.00 129.50,429.40 132.80,427.40
             134.00,426.60 134.60,424.70 134.80,420.10
             134.80,420.10 135.10,414.00 135.10,414.00
             135.10,414.00 139.80,413.90 139.80,413.90
             154.60,413.70 158.80,410.40 154.50,402.00
             153.00,399.20 150.30,389.40 148.10,379.00
             147.40,376.00 146.50,371.70 146.00,369.50
             145.50,367.30 144.40,360.10 143.60,353.50
             140.30,326.90 139.70,323.30 138.40,317.60
             137.70,314.30 136.50,311.30 135.80,310.90
             133.90,309.60 130.40,309.80 129.20,311.20 Z
           M 134.00,359.00
           C 134.00,363.80 139.20,389.40 141.80,397.50
             141.80,397.50 143.80,403.50 143.80,403.50
             143.80,403.50 139.70,404.30 139.70,404.30
             137.10,404.90 134.80,404.80 133.20,404.10
             131.20,403.20 130.30,403.30 128.30,404.60
             126.90,405.50 125.40,405.80 124.90,405.30
             124.20,404.60 127.50,381.60 131.40,360.00
             131.60,358.60 131.90,356.70 131.90,355.70
             132.10,352.10 134.00,355.20 134.00,359.00 Z
           M 195.20,294.80
           C 194.30,295.50 194.00,298.90 194.20,308.60
             194.50,321.30 194.50,321.50 196.90,321.80
             198.20,322.00 199.70,321.60 200.10,320.80
             201.30,318.90 201.20,298.20 200.00,295.90
             198.90,293.90 197.30,293.50 195.20,294.80 Z
           M 224.10,284.70
           C 223.60,285.70 222.90,292.40 222.50,299.60
             221.80,313.50 222.40,317.00 225.80,317.00
             229.50,317.00 230.00,315.10 230.00,299.40
             230.00,286.50 229.80,284.10 228.40,283.60
             225.90,282.70 225.10,282.90 224.10,284.70 Z
           M 303.50,255.60
           C 296.80,256.60 296.00,257.00 296.00,259.60
             296.00,260.90 296.60,262.20 297.30,262.50
             297.90,262.70 312.50,263.10 329.50,263.40
             360.90,263.90 368.80,264.70 371.70,267.50
             372.50,268.40 373.90,268.90 374.70,268.60
             375.50,268.30 376.50,268.00 377.00,268.00
             378.80,268.00 379.10,263.90 377.60,261.50
             374.00,256.10 371.20,255.60 337.50,255.40
             320.50,255.30 305.20,255.40 303.50,255.60 Z
           M 191.90,241.70
           C 191.00,242.70 190.40,246.60 190.10,251.80
             189.80,259.10 190.00,260.60 191.50,261.60
             192.80,262.50 193.80,262.60 195.10,261.90
             196.80,261.10 197.00,259.70 197.00,251.10
             197.00,243.00 196.70,241.10 195.40,240.60
             193.30,239.80 193.40,239.80 191.90,241.70 Z
           M 225.10,231.40
           C 223.80,232.90 222.40,258.40 223.40,262.40
             223.90,264.60 224.50,265.10 226.80,264.80
             226.80,264.80 229.50,264.50 229.50,264.50
             229.50,264.50 230.00,249.00 230.00,249.00
             230.30,240.50 230.10,232.70 229.70,231.70
             228.80,229.70 226.70,229.50 225.10,231.40 Z
           M 358.50,160.10
           C 353.00,160.50 338.30,160.90 325.80,161.00
             302.00,161.10 300.40,161.50 301.20,165.70
             301.50,167.30 303.30,167.60 317.50,168.30
             336.30,169.20 374.50,168.40 377.10,166.90
             379.10,165.90 379.50,163.40 378.20,161.30
             377.10,159.60 370.60,159.20 358.50,160.10 Z
           M 245.70,160.10
           C 243.60,160.70 226.30,175.40 220.50,181.60
             217.70,184.60 204.40,195.50 194.10,203.20
             181.50,212.70 170.60,219.00 166.70,219.00
             162.60,219.00 158.90,222.70 159.00,226.80
             159.00,228.90 158.80,241.10 158.70,254.00
             158.50,266.90 158.70,284.00 159.10,292.00
             159.50,300.00 160.10,312.30 160.40,319.50
             161.00,332.60 162.20,350.80 164.00,376.50
             164.50,384.20 165.30,395.00 165.60,400.50
             166.80,421.20 167.40,425.20 169.20,426.40
             170.60,427.20 171.30,427.10 172.60,425.80
             174.10,424.30 174.20,421.80 173.10,394.80
             172.40,378.70 171.50,355.80 171.00,344.00
             170.10,319.30 169.80,241.80 170.70,234.80
             171.20,230.30 171.40,230.00 177.40,226.90
             184.00,223.30 198.20,213.90 210.00,205.10
             219.10,198.30 220.70,196.90 233.80,185.10
             233.80,185.10 244.20,175.70 244.20,175.70
             244.20,175.70 243.50,243.60 243.50,243.60
             243.10,280.90 242.60,311.80 242.40,312.20
             242.10,312.60 241.90,339.20 241.80,371.40
             241.80,371.40 241.80,429.80 241.80,429.80
             241.80,429.80 210.60,430.50 210.60,430.50
             193.50,430.90 158.60,431.00 133.00,430.80
             133.00,430.80 86.50,430.50 86.50,430.50
             86.50,430.50 86.20,433.20 86.20,433.20
             85.80,436.60 86.20,436.70 104.00,437.60
             112.00,438.00 120.30,438.40 122.50,438.50
             127.90,438.80 156.40,440.10 167.50,440.50
             172.50,440.70 190.70,441.10 208.00,441.50
             225.30,441.80 240.40,442.30 241.50,442.50
             242.80,442.80 244.10,444.30 244.80,446.40
             247.30,453.20 256.40,453.10 258.30,446.40
             258.30,446.40 259.20,443.20 259.20,443.20
             259.20,443.20 311.90,443.70 311.90,443.70
             311.90,443.70 364.50,444.30 364.50,444.30
             364.50,444.30 367.30,442.10 367.30,442.10
             370.50,439.40 370.90,435.30 368.10,431.90
             368.10,431.90 366.20,429.50 366.20,429.50
             366.20,429.50 311.70,429.80 311.70,429.80
             311.70,429.80 257.30,430.00 257.30,430.00
             257.30,430.00 257.60,392.30 257.60,392.30
             257.70,371.50 257.50,335.10 257.00,311.50
             256.60,287.80 255.90,245.80 255.50,218.00
             254.70,165.40 254.40,162.30 250.30,160.20
             249.30,159.70 247.30,159.60 245.70,160.10 Z
           M 318.10,121.00
           C 299.90,121.40 296.60,121.70 295.70,123.10
             295.10,124.00 294.90,125.40 295.20,126.20
             296.00,128.10 313.90,129.00 351.10,129.00
             376.40,129.00 377.80,128.90 379.50,127.00
             381.00,125.30 381.10,124.60 380.20,122.50
             380.20,122.50 379.00,120.00 379.00,120.00
             379.00,120.00 359.30,120.20 359.30,120.20
             348.40,120.40 329.90,120.70 318.10,121.00 Z
           M 279.30,78.50
           C 274.90,80.40 274.50,83.50 275.80,104.30
             276.50,113.80 277.20,140.20 277.60,163.00
             278.20,205.70 278.50,216.90 279.50,232.50
             279.80,237.40 280.30,245.10 280.60,249.50
             281.70,267.40 283.30,285.00 286.00,309.50
             286.60,315.00 287.30,322.00 287.60,325.00
             287.90,328.00 288.60,332.50 289.00,335.00
             289.80,338.80 289.60,339.90 288.00,342.20
             285.40,345.80 285.50,347.90 288.30,348.90
             290.30,349.70 290.70,350.90 291.90,359.10
             292.60,364.30 293.80,372.30 294.60,376.90
             295.40,381.50 296.00,385.40 296.00,385.60
             296.00,385.80 295.20,386.00 294.20,386.00
             293.20,386.00 291.50,386.60 290.50,387.40
             288.80,388.60 288.70,389.10 289.80,391.50
             290.80,393.70 291.60,394.10 294.30,393.80
             297.10,393.50 297.50,393.80 297.80,396.00
             298.00,397.40 299.20,402.10 300.50,406.60
             302.90,414.50 305.20,418.00 308.10,418.00
             311.50,418.00 313.50,412.50 310.50,411.40
             309.00,410.80 306.40,402.80 305.80,397.00
             305.80,397.00 305.50,393.50 305.50,393.50
             305.50,393.50 323.00,393.80 323.00,393.80
             337.20,394.10 340.90,393.90 342.50,392.70
             344.20,391.40 344.30,390.90 343.20,388.60
             343.20,388.60 342.00,386.00 342.00,386.00
             342.00,386.00 323.10,386.00 323.10,386.00
             323.10,386.00 304.10,386.00 304.10,386.00
             304.10,386.00 303.60,381.70 303.60,381.70
             302.60,373.90 301.10,360.50 300.50,354.60
             300.50,354.60 299.90,348.70 299.90,348.70
             299.90,348.70 321.80,349.40 321.80,349.40
             345.50,350.10 346.60,349.90 345.80,344.80
             345.30,341.50 341.30,341.00 319.00,341.20
             319.00,341.20 299.50,341.50 299.50,341.50
             299.50,341.50 298.80,335.50 298.80,335.50
             298.50,332.20 297.90,325.70 297.50,321.00
             297.20,316.30 296.70,311.00 296.40,309.20
             296.40,309.20 295.80,306.00 295.80,306.00
             295.80,306.00 308.40,306.00 308.40,306.00
             320.00,306.00 321.00,305.90 322.00,303.90
             324.20,299.80 321.90,299.00 308.50,299.00
             308.50,299.00 296.30,299.00 296.30,299.00
             296.30,299.00 295.60,294.20 295.60,294.20
             294.20,283.20 293.00,241.50 292.50,188.40
             292.20,148.50 291.60,126.70 290.60,115.50
             289.70,106.70 288.90,97.40 288.60,94.80
             288.60,94.80 288.20,90.10 288.20,90.10
             288.20,90.10 292.40,90.60 292.40,90.60
             299.40,91.40 370.70,92.70 384.30,92.20
             384.30,92.20 397.00,91.80 397.00,91.80
             397.00,91.80 397.00,102.60 397.00,102.60
             397.00,111.80 395.60,127.40 393.60,139.50
             393.40,141.20 392.90,144.70 392.60,147.50
             392.20,150.20 391.70,154.30 391.50,156.50
             390.80,162.00 388.00,207.00 388.30,207.80
             388.70,209.10 387.50,209.10 384.50,207.90
             382.20,206.90 371.70,206.60 341.80,206.50
             307.00,206.50 301.90,206.70 300.50,208.10
             298.50,210.00 299.50,212.90 302.40,213.50
             303.50,213.70 319.40,214.10 337.50,214.40
             355.70,214.70 371.90,215.10 373.50,215.40
             378.60,216.30 385.40,216.40 387.00,215.70
             388.30,215.10 388.50,222.20 388.50,276.70
             388.60,310.70 388.90,341.20 389.30,344.50
             390.60,354.80 388.50,349.50 381.60,324.90
             374.70,299.90 371.90,292.30 369.30,290.30
             367.00,288.50 363.50,288.70 361.60,290.60
             360.00,292.10 357.50,299.80 356.60,305.50
             355.50,313.00 355.00,316.90 354.50,321.50
             354.20,324.20 353.50,330.50 352.90,335.50
             352.30,340.40 351.60,355.00 351.30,367.70
             351.30,367.70 350.80,391.00 350.80,391.00
             350.80,391.00 353.10,391.90 353.10,391.90
             354.80,392.60 355.80,392.40 356.60,391.40
             357.20,390.60 358.00,383.10 358.30,373.80
             358.70,364.80 359.10,355.90 359.40,353.90
             360.20,346.90 361.10,339.40 362.50,329.50
             363.30,324.00 364.20,317.30 364.60,314.50
             364.90,311.80 365.60,308.70 366.00,307.50
             366.60,305.80 366.90,306.10 367.80,309.50
             370.60,319.90 372.20,326.00 373.40,331.50
             378.10,352.70 384.60,373.40 393.30,395.20
             397.80,406.30 398.70,405.90 375.50,403.50
             351.10,400.90 349.80,400.90 347.40,402.50
             346.10,403.30 345.00,404.60 345.00,405.30
             345.00,408.50 347.70,409.70 357.50,410.90
             376.30,413.10 374.80,412.50 374.30,417.30
             374.10,419.60 374.30,427.10 374.70,434.00
             375.50,446.10 375.60,446.50 377.90,446.80
             381.80,447.40 382.40,445.80 382.00,434.80
             381.80,429.10 381.60,422.20 381.60,419.50
             381.60,419.50 381.50,414.50 381.50,414.50
             381.50,414.50 394.50,414.50 394.50,414.50
             407.10,414.50 407.40,414.40 408.60,412.10
             410.10,409.30 408.50,403.30 401.50,385.50
             391.80,360.70 389.30,352.90 392.20,355.80
             394.00,357.60 398.50,357.20 400.40,355.10
             402.00,353.40 402.10,346.30 402.50,259.40
             402.60,207.70 403.00,163.50 403.40,161.00
             403.70,158.50 404.20,153.30 404.50,149.50
             404.90,145.60 406.00,134.80 407.10,125.50
             409.20,106.40 409.60,87.30 407.90,83.60
             407.20,82.20 406.00,80.80 405.10,80.40
             404.20,80.00 376.70,79.40 343.90,79.00
             311.10,78.60 283.90,78.00 283.40,77.70
             282.90,77.40 281.00,77.80 279.30,78.50 Z" />
</svg>
